237 0 0
492 0 0
506 0 0
514 0 0
1036 0 0
1037 0 0
1103 0 0
1194 0 0
1398 0 0
1431 0 0
1709 0 0
1717 0 0
1915 0 0
1923 0 0
1930 0 0
1931 0 0
1932 0 0
1933 0 0
2088 0 0
2089 0 0
2096 0 0
2103 0 0
2109 0 0
2117 0 0
2118 0 0
2166 0 -
2169 0 0
2182 0 20
2184 0 25
2238 0 8
2267 0 0
2470 0 0
2473 0 0
2486 0 0
2487 0 0
2528 0 0
2534 0 0
2574 0 0
2575 0 0
2576 0 0
2640 0 0
2645 0 0
2646 0 0
2670 0 0
2671 0 0
2672 0 0
2698 0 0
2699 0 0
2723 0 0
2730 0 -
2784 0 0
2786 0 0
2813 0 0
2825 0 0
2837 0 0
2881 0 0
2882 0 0
3153 0 0
3154 0 0
3442 0 0
3567 0 0
3900 0 0
4126 0 0
4229 0 0
4350 0 0
4413 0 0
4558 0 0
4724 0 0
4729 0 0
4730 0 0
