4739 0 0
4819 0 0
4822 0 0
4824 0 0
4857 0 0
5050 0 0
5051 0 0
5431 0 0
5432 0 0
5441 0 0
5452 0 0
5453 0 0
5456 0 0
5460 0 0
5470 0 0
5474 0 0
5476 0 0
5477 0 0
5479 0 0
5491 0 0
5494 0 0
5495 0 0
5500 0 0
5505 0 0
5507 0 0
5509 0 0
5754 0 0
5768 0 0
5781 0 0
5788 0 0
5795 0 0
5857 0 0
5873 0 0
5875 0 0
5891 0 0
5897 0 0
5899 0 0
5912 0 0
5918 0 0
5973 0 0
5983 0 0
6032 0 0
6047 0 0
6051 0 0
6071 0 0
6095 0 0
6096 0 0
6101 0 0
6102 0 0
6108 0 0
6110 0 0
6118 0 0
6121 0 0
6136 0 0
6159 0 0
6160 0 0
6177 0 0
6193 0 0
6218 0 0
6220 0 0
6236 0 0
6240 0 0
6252 0 0
6255 0 0
6256 0 0
6262 0 0
6268 0 0
6272 0 0
6277 0 0
6282 0 0
6283 0 0
6284 0 0
6285 0 0
6294 0 0
6296 0 0
6297 0 0
6316 0 0
6318 0 0
6325 0 0
6326 0 0
6328 0 0
6330 0 0
6337 0 0
6339 0 0
6342 0 0
6355 0 0
6363 0 0
6365 0 0
5252 0 -
5253 0 -
5254 0 -
5465 0 22
5792 0 19
5793 0 19
5837 0 15
5903 0 -
6114 0 30
