6369 0 0
6372 0 0
6377 0 0
6378 0 0
6379 0 0
6402 0 0
6440 0 0
6489 0 0
6496 0 0
6507 0 0
6520 0 0
6521 0 0
6525 0 0
6527 0 0
6556 0 0
6559 0 0
6623 0 0
6680 0 0
6683 0 0
6849 0 0
6889 0 0
6890 0 0
6891 0 0
6892 0 0
6895 0 0
6896 0 0
6898 0 0
6899 0 0
6900 0 0
6901 0 0
6902 0 0
6903 0 0
6905 0 0
6916 0 0
7045 0 0
7068 0 0
7100 0 0
7102 0 0
7110 0 0
7113 0 0
7125 0 0
7161 0 0
7182 0 0
7199 0 0
7212 0 0
7225 0 0
7243 0 0
7246 0 0
7260 0 0
7263 0 0
7265 0 0
7267 0 0
7277 0 0
7302 0 0
7303 0 0
7311 0 0
7317 0 0
7319 0 0
7333 0 0
7335 0 0
7338 0 0
7344 0 0
7655 0 0
7946 0 0
7951 0 0
7968 0 0
7975 0 0
7983 0 0
7985 0 0
7999 0 0
8003 0 0
8010 0 0
8015 0 0
8016 0 0
8018 0 0
8022 0 0
8023 0 0
8038 0 0
8040 0 0
8041 0 0
8043 0 0
8044 0 0
8045 0 0
8046 0 0
8051 0 0
8052 0 0
8056 0 0
8117 0 0
8152 0 0
7256 0 -
