8479 0 0
8480 0 0
8510 0 0
8552 0 0
8556 0 0
8557 0 0
8558 0 0
8599 0 0
8601 0 0
8765 0 0
9202 0 0
9396 0 0
9425 0 0
9441 0 0
9442 0 0
9447 0 0
9449 0 0
9454 0 0
9466 0 0
9472 0 0
9473 0 0
9476 0 0
9482 0 0
9488 0 0
9489 0 0
9492 0 0
9493 0 0
9494 0 0
9513 0 0
9536 0 0
9544 0 0
9548 0 0
9566 0 0
9571 0 0
9572 0 0
9573 0 0
9578 0 0
9584 0 0
9595 0 0
9618 0 0
9628 0 0
9631 0 0
9632 0 0
9633 0 0
9634 0 0
9635 0 0
9637 0 0
9638 0 0
9639 0 0
9640 0 0
9644 0 0
9645 0 0
9646 0 0
9648 0 0
9654 0 0
9655 0 0
9657 0 0
9661 0 0
9663 0 0
9665 0 0
9677 0 0
9705 0 0
9711 0 0
9712 0 0
9713 0 0
9724 0 0
9725 0 0
9726 0 0
9727 0 0
9730 0 0
9747 0 0
9774 0 0
9873 0 0
9876 0 0
9878 0 0
9880 0 0
9896 0 0
9897 0 0
9923 0 0
9979 0 0
10037 0 0
10093 0 0
10209 0 0
10210 0 0
10211 0 0
10212 0 0
10234 0 0
10250 0 0
10252 0 0
10296 0 0
10364 0 0
10368 0 0
10399 0 0
10401 0 0
10427 0 0
10434 0 0
10435 0 0
10592 0 0
10646 0 0
10656 0 0
10657 0 0
10661 0 0
10672 0 0
10680 0 0
9432 0 -
9440 0 -
9458 0 8
9459 0 8
9461 0 15
9467 0 17
9706 0 15
9707 0 15
9708 0 15
10207 0 -
10306 0 -
10577 0 22
9796 0 30
