10718 0 0
10729 0 0
10731 0 0
10740 0 0
10751 0 0
10789 0 0
10820 0 0
10842 0 0
10847 0 0
10856 0 0
10872 0 0
10877 0 0
10879 0 0
10881 0 0
10882 0 0
10883 0 0
10887 0 0
10888 0 0
10901 0 0
10903 0 0
10908 0 0
10909 0 0
10910 0 0
10912 0 0
10913 0 0
10915 0 0
10916 0 0
10919 0 0
10922 0 0
10929 0 0
10931 0 0
10932 0 0
10941 0 0
10942 0 0
10949 0 0
10955 0 0
10961 0 0
10988 0 0
10990 0 0
10992 0 0
11047 0 0
11202 0 0
11213 0 0
11214 0 0
11216 0 0
11217 0 0
11218 0 0
11219 0 0
11221 0 0
11222 0 0
11226 0 0
11227 0 0
11231 0 0
11233 0 0
11234 0 0
11243 0 0
11244 0 0
11250 0 0
11253 0 0
11258 0 0
11260 0 0
11262 0 0
11266 0 0
11303 0 0
11332 0 0
11341 0 0
11342 0 0
11343 0 0
11344 0 0
11346 0 0
11347 0 0
11352 0 0
11357 0 0
11360 0 0
11362 0 0
11365 0 0
11367 0 0
11368 0 0
11379 0 0
11380 0 0
11381 0 0
11385 0 0
11391 0 0
11392 0 0
11393 0 0
11394 0 0
11402 0 0
11407 0 0
11410 0 0
11416 0 0
11417 0 0
11421 0 0
11427 0 0
11432 0 0
11447 0 0
11599 0 0
11606 0 0
11861 0 0
11871 0 0
11917 0 0
11958 0 0
12019 0 0
12043 0 0
12045 0 0
12048 0 0
12060 0 0
12065 0 0
12125 0 0
12128 0 0
12129 0 0
12135 0 0
12136 0 0
12137 0 0
12138 0 0
12140 0 0
12141 0 0
12147 0 0
12154 0 0
12183 0 0
12229 0 0
12250 0 0
12252 0 0
12315 0 0
12317 0 0
12319 0 0
12321 0 0
12322 0 0
12327 0 0
12330 0 0
12332 0 0
12336 0 0
12337 0 0
12339 0 0
12346 0 0
12347 0 0
12534 0 0
12571 0 0
