13024 0 0
13282 0 0
13283 0 0
13286 0 0
13287 0 0
13288 0 0
13303 0 0
13306 0 0
13309 0 0
13313 0 0
13316 0 0
13373 0 0
13587 0 0
13592 0 0
13694 0 0
13711 0 0
13729 0 0
13731 0 0
13732 0 0
13733 0 0
13734 0 0
13735 0 0
13736 0 0
13737 0 0
13738 0 0
13739 0 0
13740 0 0
13741 0 0
13742 0 0
13743 0 0
13744 0 0
13745 0 0
13746 0 0
13747 0 0
13748 0 0
13749 0 0
13750 0 0
13751 0 0
13752 0 0
13753 0 0
13754 0 0
13755 0 0
13756 0 0
13757 0 0
13758 0 0
13759 0 0
13760 0 0
13761 0 0
13762 0 0
13763 0 0
13764 0 0
13765 0 0
13766 0 0
13767 0 0
13768 0 0
13769 0 0
13770 0 0
13771 0 0
13772 0 0
13773 0 0
13774 0 0
13775 0 0
13776 0 0
13777 0 0
13778 0 0
13779 0 0
13780 0 0
13781 0 0
13782 0 0
13783 0 0
13784 0 0
13785 0 0
13786 0 0
13787 0 0
13788 0 0
13789 0 0
13790 0 0
13791 0 0
13792 0 0
13793 0 0
13794 0 0
13795 0 0
13796 0 0
13797 0 0
13798 0 0
13799 0 0
13800 0 0
13801 0 0
13802 0 0
13803 0 0
13804 0 0
13805 0 0
13806 0 0
13807 0 0
13808 0 0
13809 0 0
13810 0 0
13811 0 0
13812 0 0
13813 0 0
13814 0 0
13815 0 0
13816 0 0
13817 0 0
13818 0 0
13819 0 0
13820 0 0
13821 0 0
13822 0 0
13823 0 0
13824 0 0
13825 0 0
13826 0 0
13827 0 0
13828 0 0
13829 0 0
13830 0 0
13831 0 0
13832 0 0
13833 0 0
13834 0 0
13835 0 0
13836 0 0
13837 0 0
13838 0 0
13839 0 0
13840 0 0
13841 0 0
13842 0 0
13843 0 0
13844 0 0
13845 0 0
13846 0 0
13237 0 -
