13847 0 0
13848 0 0
13849 0 0
13850 0 0
13851 0 0
13852 0 0
13853 0 0
13854 0 0
13855 0 0
13856 0 0
13857 0 0
13858 0 0
13859 0 0
13860 0 0
13861 0 0
13862 0 0
13863 0 0
13864 0 0
13865 0 0
13866 0 0
13867 0 0
13868 0 0
13869 0 0
13870 0 0
13871 0 0
13872 0 0
13873 0 0
13874 0 0
13875 0 0
13876 0 0
13877 0 0
13878 0 0
13879 0 0
13880 0 0
13881 0 0
13882 0 0
13883 0 0
13884 0 0
13885 0 0
13886 0 0
13887 0 0
13888 0 0
13889 0 0
13890 0 0
13891 0 0
13892 0 0
13893 0 0
13894 0 0
13895 0 0
13896 0 0
13897 0 0
13898 0 0
13899 0 0
13900 0 0
13901 0 0
13902 0 0
13903 0 0
13904 0 0
13905 0 0
13906 0 0
13907 0 0
13908 0 0
13909 0 0
13910 0 0
13911 0 0
13912 0 0
13913 0 0
13914 0 0
13915 0 0
13916 0 0
13917 0 0
13918 0 0
13919 0 0
13920 0 0
13921 0 0
13922 0 0
13923 0 0
13924 0 0
13925 0 0
13926 0 0
13927 0 0
13928 0 0
13929 0 0
13930 0 0
13931 0 0
13932 0 0
13933 0 0
13934 0 0
13935 0 0
13936 0 0
13937 0 0
13938 0 0
13939 0 0
13940 0 0
13941 0 0
13942 0 0
13943 0 0
13944 0 0
13945 0 0
13946 0 0
13947 0 0
13948 0 0
13949 0 0
13950 0 0
13951 0 0
13979 0 0
13980 0 0
13981 0 0
13982 0 0
13983 0 0
13984 0 0
13985 0 0
13986 0 0
13987 0 0
13988 0 0
13989 0 0
13990 0 0
13991 0 0
13992 0 0
13993 0 0
13994 0 0
13995 0 0
13996 0 0
13997 0 0
13998 0 0
13999 0 0
14000 0 0
14001 0 0
14002 0 0
14003 0 0
14004 0 0
14005 0 0
14006 0 0
14681 0 0
14682 0 0
14888 0 0
14601 0 13
14894 0 30
